Case1:2.1105747679523135,-9.217231436483413,-0.4993661231362778,-3.11086735484606, Error = 114349.43606691717
Case2:-4.142094192487028,-1.758120565305232,1.1268227798706394,8.786485558009833,5.017780809052562,-4.242309870316957, Error = 9.267196875494334E7
Case3:2.1075206434920406,-2.225924312752917,-4.570280398769858,4.107717875618797,-9.216290054896996,6.881883954010081,-3.6373820835454267, Error = 2.418231231969719E9
Case4:1.8015397363218106,1.021084685272876,8.963420394447674,-0.7807348023286701,-0.09483217913471612, Error = 2682.0020414936303
Case5:3.5004929776789386,-4.965512121625258,4.789359169470234,0.8897223213928909,-2.288988892809883,4.99202350651775,3.145983239960904,9.78106442154385,6.364873098276715,-5.214477574609054,-0.9939134492383382, Error = 1.4278086832478125E15
