Case1:7.551875077326223,7.568915138970372,-1.9205318139666474,0.25213605332349687, Error = 554.9078163416867
Case2:-8.23027178138573,0.6241103733360625,-6.411843152510053,6.30379237116124,-2.88029292468603,0.21662781698913136, Error = 158081.51616462594
Case3:4.363357748379666,-7.7622829384879495,9.585404860186422,3.5701634338865382,8.466710948016082,-1.671237298431267,-0.06784224996207833, Error = 2377023.8859030628
Case4:8.424882575850894,6.304910825540034,-0.39820465739729194,-0.9149543719646829,0.2082669422023855, Error = 1944.9602216787787
Case5:-1.5158751837970144,4.771062825154498,-7.0752092412907075,-5.9463677810349935,-0.2940099919206123,3.2696277236077247,8.229361269783972,-0.49729022110684795,1.6307944992365258,-9.157477036773846,1.4842016058964376, Error = 2.771122210183273E12
