Case1:-0.9049791801712672,-0.3243696068473114,9.831405598740927,8.509989492612721, Error = 1.0136519563155237E-6
Case2:4.447403955016203,-9.755853353138384,-5.063809066951597,8.299476900979617,7.288685310170053,9.833807066029454, Error = 8.134662078059812E-10
Case3:-7.390799902317044,5.930176810485126,-3.434418450133818,5.66620523166667,0.6267338890853544,9.307707649534496,9.833266959523527, Error = 2.321881158397981E-11
Case4:9.734158416719588,5.6656195431335945,9.863223187245538,9.010010659533492,9.190672220051738, Error = 2.7616606870964697E-8
Case5:-4.298960487674027,0.19194719678434602,-9.698521004888702,3.471767750597003,9.214393626877495,7.779835919104522,8.107396203159883,8.932259365316357,0.01280518574081757,-1.2524938022862615,-9.950799468337117, Error = 1.8305159667766923E-17
