Case1:-5.025072549258301,-7.7806096557155495,2.9293499044121525,-0.16952244201597289, Error = 97.96696655936894
Case2:0.8560760694161296,6.031960661254548,-1.3064505763441936,0.05321204882463526,1.0444916313257107,-0.13051156928663588, Error = 28776.300270116724
Case3:-7.975006359492194,7.000188628488015,-7.298048455952073,2.774480516683134,-6.950653793580528,3.0689383064589943,-0.33237216623689214, Error = 31485.4621966307
Case4:9.831664560825505,-4.162187149267165,9.57020927764891,-5.869882429834066,0.7058328407813192, Error = 1172.870817957559
Case5:-0.878889207546692,5.576538026125444,7.931889225618665,6.1765431702570766,-2.9592143239819997,7.923664263366202,4.8498047004247,-2.283955603887886,1.1337228313050431,-8.216614135451694,1.062305220311961, Error = 4.1680802022267836E13
